1.41033894235591
1.00573597493618
1
1.00227397151428
1.00573597493617
1
3.11440973686249
1.00573597493618
1
1.10261698571574
1.00573597493617
1
1.72595807528572
1.00573597493617
1
2.39731106008084
1.00573597493616
1
1.75511810120047
1.00573597493618
1
3.1481262105432
1.00573597493619
1
2.35761380237976
1.00573597493619
1
1.7098559445809
1.00573597493618
1
2.78245730830764
1.00573597493616
1
3.15742651235325
1.00573597493619
1
2.17137843844408
1.00573597493618
1
1.80724494828378
1.00573597493617
1
2.16012080008148
1.00573597493617
1
1.72454043852659
1.00573597493617
1
1.09548465016812
1.00573597493617
1
2.49892000568228
1.00573597493619
1
1.80827327615154
1.00573597493617
1
3.01292107957156
1.00573597493617
1
0.280778665861859
1.00573597493617
1
2.23180271114886
1.00573597493618
1
0.436690176345676
1.00573597493617
1
2.36754413389308
1.00573597493618
1
2.35207707502805
1.00573597493617
1
1.50187991698828
1.00573597493617
1
1.98746520253993
1.00573597493618
1
2.41625027559726
1.00573597493617
1
1.70812311499324
1.00573597493618
1
3.23398272110033
1.00573597493615
1
2.10606275981072
1.00573597493617
1
1.68007875195607
1.00573597493617
1
1.96596171191022
1.00573597493617
1
2.27570056591659
1.00573597493618
1
0.566303812093397
1.00573597493617
1
0.980736894689786
1.00573597493617
1
3.34844120875479
1.00573597493619
1
0.936616467671224
1.00573597493617
1
1.75539002370009
1.00573597493617
1
2.42281077452396
1.00573597493616
1
1.05101640346914
1.00573597493617
1
3.60457774250456
1.00573597493617
1
0.384586801904513
1.00573597493617
1
2.35769617844664
1.00573597493617
1
1.03810215380364
1.00573597493617
1
2.63391747097158
1.00573597493616
1
2.60839232567387
1.00573597493616
1
2.1004916218407
1.00573597493618
1
3.56162873080595
1.0057359749362
1
-0.00792636403191612
1.00573597493617
1
1.13236629226603
1.00573597493618
1
0.678202905333486
1.00573597493617
1
1.47588635188671
1.00573597493617
1
0.67413165548156
1.00573597493617
1
2.71385604230192
1.00573597493618
1
0.0136417426770769
1.00573597493617
1
1.14784602893289
1.00573597493617
1
3.24204840030596
1.00573597493616
1
2.44149094444969
1.00573597493619
1
2.15718295910113
1.00573597493617
1
2.16097360216068
1.00573597493617
1
0.958130885599515
1.00573597493617
1
0.576837945965962
1.00573597493618
1
1.81264642788618
1.00573597493617
1
1.35469565858909
1.00573597493618
1
2.52709061687241
1.00573597493618
1
0.116559726907596
1.00573597493617
1
1.31500141565745
1.00573597493617
1
0.806046252085301
1.00573597493617
1
0.107466850156562
1.00573597493617
1
1.42354622221178
1.00573597493617
1
3.80588874336843
1.00573597493617
1
2.94502763846304
1.00573597493618
1
0.817296337274839
1.00573597493617
1
0.961901069248179
1.00573597493617
1
1.41727700135098
1.00573597493617
1
0.848116469385252
1.00573597493617
1
2.22110153929348
1.00573597493618
1
1.96760703055616
1.00573597493618
1
-0.130002574007121
1.00573597493617
1
0.640554712324036
1.00573597493617
1
0.933593682799282
1.00573597493617
1
1.77925780654772
1.00573597493618
1
-0.601858782008426
1.00573597493617
1
4.81564843341811
1.00573597493615
1
3.2380983781488
1.00573597493617
1
2.69737138622487
1.00573597493618
1
1.28237296973932
1.00573597493617
1
1.68194555332789
1.00573597493617
1
1.54511102603964
1.00573597493617
1
1.09551865465921
1.00573597493617
1
1.97361012353865
1.00573597493617
1
2.88321829351325
1.00573597493618
1
1.88014980150985
1.00573597493617
1
1.06751939628524
1.00573597493617
1
1.0932518417814
1.00573597493618
1
3.81057706898619
1.00573597493618
1
1.78500939984567
1.00573597493617
1
0.982245002023561
1.00573597493617
1
2.30568317804346
1.00573597493618
1
1.09904045305118
1.00573597493617
1
1.2507834254221
1.00573597493618
1
1.69129075116265
1.00573597493617
1
0.655453798484618
1.00573597493617
1
1.6763584944116
1.00573597493618
1
-0.164433781332432
1.00573597493617
1
2.09344648717407
1.00573597493617
1
1.48131209434211
1.00573597493618
1
-0.136319243539858
1.00573597493617
1
1.93248200446481
1.00573597493618
1
1.3750199870381
1.00573597493617
1
2.19740404696055
1.00573597493617
1
2.29238891293641
1.00573597493617
1
1.64481899711346
1.00573597493617
1
0.280703805739615
1.00573597493617
1
2.05602290892646
1.00573597493617
1
0.956401435866747
1.00573597493617
1
3.25598701060272
1.00573597493618
1
1.45830484813368
1.00573597493618
1
2.89812627595223
1.00573597493617
1
2.22108788516746
1.00573597493618
1
2.68492149310711
1.00573597493616
1
1.76509482150095
1.00573597493617
1
0.799513263339036
1.00573597493617
1
0.308197879333956
1.00573597493617
1
1.10669144132283
1.00573597493617
1
-0.239404967172416
1.00573597493617
1
1.43377729408191
1.00573597493617
1
2.46788834176153
1.00573597493617
1
2.70405529585556
1.00573597493617
1
2.50234471596448
1.00573597493619
1
0.0827988614329022
1.00573597493617
1
3.01667431674283
1.00573597493616
1
2.66041965626861
1.00573597493618
1
1.78423389565199
1.00573597493618
1
0.74773184788125
1.00573597493617
1
1.65745524333797
1.00573597493617
1
2.0840011182803
1.00573597493617
1
1.36040397986561
1.00573597493617
1
0.479700169131837
1.00573597493617
1
0.666102468778394
1.00573597493617
1
2.93311933155713
1.00573597493617
1
2.42329092028854
1.00573597493619
1
2.23651200732964
1.00573597493617
1
2.81643614353752
1.00573597493616
1
2.25093353029243
1.00573597493617
1
3.00198936089262
1.00573597493619
1
0.643015750684315
1.00573597493617
1
1.89169740422311
1.00573597493617
1
1.28859829154259
1.00573597493618
1
1.23296784572928
1.00573597493617
1
2.22272331755916
1.00573597493617
1
2.21055006036676
1.00573597493617
1
2.80605460603864
1.00573597493617
1
3.22437234911409
1.00573597493618
1
2.73706533359859
1.00573597493619
1
2.27335153407911
1.00573597493617
1
1.08389622518164
1.00573597493617
1
0.0729398430412324
1.00573597493617
1
1.9198401200938
1.00573597493617
1
2.15082008779293
1.00573597493618
1
3.23209643277576
1.0057359749362
1
1.3709898762873
1.00573597493617
1
4.05755038840595
1.00573597493616
1
0.18805027768581
1.00573597493617
1
1.72504429009274
1.00573597493617
1
2.13874366491034
1.00573597493617
1
1.99525974348086
1.00573597493618
1
3.10211130272341
1.00573597493619
1
2.85123752460824
1.00573597493617
1
1.26653422500956
1.00573597493618
1
0.91348629808353
1.00573597493617
1
1.40202319911435
1.00573597493618
1
1.55256016798222
1.00573597493617
1
2.07859619183751
1.00573597493618
1
3.58804273797288
1.00573597493618
1
1.68404107666971
1.00573597493617
1
2.13728276267344
1.00573597493617
1
4.09750820298262
1.00573597493618
1
1.76664871843794
1.00573597493618
1
2.21422032588744
1.00573597493617
1
1.50299772134294
1.00573597493618
1
3.70509009037887
1.00573597493619
1
1.94405063864966
1.00573597493617
1
2.88154759057926
1.00573597493618
1
3.44068319618231
1.00573597493616
1
3.45610179118939
1.00573597493618
1
2.14679835416598
1.00573597493618
1
1.19784714968779
1.00573597493618
1
1.44444682771384
1.00573597493617
1
1.81286823818749
1.00573597493617
1
1.39252149573141
1.00573597493618
1
1.98541314422973
1.00573597493618
1
2.50495922781849
1.00573597493618
1
2.15055970914108
1.00573597493617
1
1.2864936089856
1.00573597493618
1
1.71362018473231
1.00573597493618
1
0.574526573704803
1.00573597493617
1
2.60359580319672
1.00573597493616
1
2.03431140278571
1.00573597493618
1
1.9972628624704
1.00573597493617
1
2.19868541137767
1.00573597493616
1
3.22541364602771
1.00573597493618
1
0.048799129895179
1.00573597493617
1
2.29330277576987
1.00573597493616
1
-0.0113173169819261
1.00573597493617
1
3.34958458525514
1.00573597493618
1
1.46477148678525
1.00573597493618
1
1.86388324560806
1.00573597493617
1
3.50296400464824
1.00573597493616
1
0.688497914683345
1.00573597493617
1
2.59762937906966
1.00573597493617
1
1.05385753863401
1.00573597493617
1
2.44482920644842
1.00573597493617
1
1.60107814688831
1.00573597493617
1
0.149468107085739
1.00573597493617
1
2.44502153843929
1.00573597493618
1
2.07448263984621
1.00573597493618
1
2.61186535953604
1.00573597493618
1
3.79077247368181
1.00573597493617
1
2.02998741039878
1.00573597493617
1
2.51134666471443
1.00573597493618
1
2.02957550228954
1.00573597493617
1
2.42882193104113
1.00573597493617
1
1.71481749334817
1.00573597493617
1
2.4849330263956
1.00573597493617
1
-0.734081451852196
1.00573597493617
1
0.278238180955211
1.00573597493617
1
1.46311824974716
1.00573597493617
1
2.93088550566698
1.00573597493617
1
-0.12332365741923
1.00573597493617
1
1.472767144793
1.00573597493618
1
0.666329322804769
1.00573597493617
1
0.759288018260073
1.00573597493617
1
1.76679879793757
1.00573597493617
1
1.28834398843826
1.00573597493618
1
1.1957947569324
1.00573597493617
1
1.12344488260502
1.00573597493617
1
2.21259366835999
1.00573597493618
1
3.29315358068392
1.00573597493618
1
2.12891835104085
1.00573597493617
1
1.46004969494992
1.00573597493617
1
2.2316117943109
1.00573597493617
1
4.35432113248702
1.0057359749362
1
2.95209732754817
1.00573597493618
1
1.33340485386662
1.00573597493617
1
3.44630663134099
1.00573597493616
1
2.30567138561524
1.00573597493617
1
0.737485358977406
1.00573597493617
1
2.16242139029772
1.00573597493618
1
1.60247400475764
1.00573597493618
1
1.33967486276538
1.00573597493617
1
2.21359281915561
1.00573597493618
1
2.75800281789516
1.00573597493618
1
1.680664357192
1.00573597493617
1
0.814230369048926
1.00573597493617
1
1.6202471988338
1.00573597493617
1
1.59635774131082
1.00573597493617
1
1.64500767213926
1.00573597493617
1
0.594111111634837
1.00573597493617
1
1.47767280501699
1.00573597493617
1
-0.78245756073802
1.00573597493617
1
1.48761892278313
1.00573597493617
1
2.19702401615448
1.00573597493618
1
1.05813165149996
1.00573597493618
1
0.878334333973792
1.00573597493617
1
1.84934920012611
1.00573597493617
1
3.72125219428113
1.00573597493614
1
1.59337359093432
1.00573597493617
1
2.96111364188058
1.00573597493617
1
1.7169091301499
1.00573597493617
1
2.55816130409754
1.00573597493617
1
2.0538475513877
1.00573597493617
1
2.70882070285961
1.00573597493617
1
3.35100321456922
1.00573597493618
1
1.54246622613971
1.00573597493618
1
3.55172275742518
1.00573597493617
1
2.02593024469034
1.00573597493617
1
2.99755260013018
1.00573597493617
1
0.983707032644476
1.00573597493617
1
1.6931163347153
1.00573597493617
1
1.5326728028347
1.00573597493617
1
3.02152445464218
1.00573597493617
1
1.65835915163305
1.00573597493618
1
1.94016417773922
1.00573597493617
1
1.6685592504605
1.00573597493617
1
2.32272532112871
1.00573597493618
1
2.39326710945506
1.00573597493618
1
2.44630156127427
1.00573597493618
1
1.28602964457624
1.00573597493617
1
1.22978956983637
1.00573597493617
1
2.36577369003638
1.00573597493618
1
1.55025684956401
1.00573597493617
1
1.98548060047796
1.00573597493617
1
0.725465341166371
1.00573597493617
1
0.825970648743034
1.00573597493617
1
1.83048844118958
1.00573597493617
1
1.56756627386061
1.00573597493617
1
3.35773820385407
1.00573597493618
1
0.638430122760477
1.00573597493617
1
0.608593816946149
1.00573597493617
1
2.55498485385236
1.00573597493618
1
3.02418757277517
1.00573597493617
1
0.479583465045383
1.00573597493617
1
0.111963378930422
1.00573597493617
1
1.67090436773725
1.00573597493618
1
2.50932912919381
1.00573597493616
1
1.31032610143801
1.00573597493617
1
3.89714106399393
1.00573597493618
1
1.51819979109353
1.00573597493618
1
0.663525145429369
1.00573597493617
1
1.49145824470777
1.00573597493617
1
0.22616088443331
1.00573597493617
1
2.53113695739333
1.00573597493617
1
2.10295448620087
1.00573597493617
1
1.5865219773182
1.00573597493617
1
2.43976038074963
1.00573597493617
1
2.72500621186666
1.00573597493618
1
1.59236638031539
1.00573597493617
1
2.66498354315677
1.00573597493617
1
0.921579353560745
1.00573597493617
1
1.26624808536962
1.00573597493618
1
2.11009966468758
1.00573597493617
1
0.875407679158324
1.00573597493617
1
1.78445129638444
1.00573597493618
1
2.6441456644504
1.00573597493618
1
1.0258498265262
1.00573597493617
1
1.60539296471912
1.00573597493617
1
1.89552412092605
1.00573597493618
1
2.62436797593965
1.00573597493617
1
1.58978751457801
1.00573597493617
1
0.782686589076178
1.00573597493618
1
3.14180344066658
1.00573597493615
1
1.97056756620368
1.00573597493617
1
1.46249558786843
1.00573597493618
1
0.740424459648121
1.00573597493617
1
0.922028020928973
1.00573597493617
1
1.96222704713235
1.00573597493618
1
2.24742982053661
1.00573597493618
1
1.8696161895915
1.00573597493618
1
0.80504530146752
1.00573597493618
1
0.650349804343095
1.00573597493617
1
-0.260472216670694
1.00573597493617
1
2.81079115682564
1.00573597493619
1
1.46556439790138
1.00573597493618
1
3.37441894916243
1.00573597493618
1
1.84280726529345
1.00573597493617
1
2.07674424686986
1.00573597493617
1
2.52865984553726
1.00573597493617
1
2.6673786274266
1.00573597493618
1
2.04048529613455
1.00573597493617
1
-0.475653933680531
1.00573597493617
1
1.99373869324281
1.00573597493618
1
2.15554688206539
1.00573597493617
1
3.04932275918633
1.00573597493617
1
1.4245548512076
1.00573597493617
1
2.15229564449343
1.00573597493617
1
3.15824566223711
1.00573597493617
1
1.50595707982102
1.00573597493618
1
1.37681852269331
1.00573597493617
1
3.37397011398273
1.00573597493618
1
1.55524328746624
1.00573597493617
1
2.10506079259539
1.00573597493618
1
3.95770555121635
1.00573597493617
1
2.49556185531767
1.00573597493618
1
2.78648673635226
1.00573597493617
1
1.13162214931094
1.00573597493617
1
0.359502177724339
1.00573597493617
1
2.9743913535477
1.00573597493616
1
1.69937025675391
1.00573597493617
1
2.70725156224226
1.00573597493617
1
2.24907129761753
1.00573597493617
1
0.646534924542535
1.00573597493617
1
2.23533516333634
1.00573597493617
1
2.53156161950841
1.00573597493616
1
1.94440102193291
1.00573597493618
1
1.40554543263411
1.00573597493617
1
0.236781733119411
1.00573597493617
1
-0.108580025286963
1.00573597493617
1
2.40380036690195
1.00573597493617
1
3.18208020728913
1.00573597493618
1
2.75130724058176
1.00573597493616
1
1.74487874582987
1.00573597493618
1
1.75681384835618
1.00573597493618
1
3.62467464980238
1.00573597493618
1
1.23784321664589
1.00573597493617
1
3.29561768469095
1.00573597493618
1
2.30345459791409
1.00573597493617
1
2.47652622710537
1.00573597493616
1
1.64303930674579
1.00573597493618
1
1.85346845403488
1.00573597493617
1
2.98088643761638
1.00573597493618
1
1.77198425161769
1.00573597493617
1
2.02180414977904
1.00573597493618
1
1.45340876590693
1.00573597493618
1
2.00396235075076
1.00573597493618
1
3.44401598005441
1.00573597493617
1
1.10673109534818
1.00573597493618
1
2.87713961924959
1.00573597493617
1
1.68821076096081
1.00573597493617
1
0.486233646274951
1.00573597493617
1
2.965099200261
1.00573597493619
1
1.81957700683578
1.00573597493617
1
3.63476896206127
1.00573597493618
1
-0.581648425622397
1.00573597493617
1
2.91802606014352
1.00573597493617
1
2.38914975186665
1.00573597493619
1
1.93067393221102
1.00573597493618
1
1.2819937114518
1.00573597493617
1
5.45835736649904
1.00573597493616
1
1.39149040784186
1.00573597493617
1
1.86692422764716
1.00573597493618
1
1.45705760146562
1.00573597493617
1
0.970957478387652
1.00573597493617
1
-0.285053851762732
1.00573597493617
1
2.0376214707953
1.00573597493616
1
1.90265413904158
1.00573597493617
1
1.317448562797
1.00573597493617
1
0.939696594444642
1.00573597493617
1
2.22744563577688
1.00573597493617
1
2.28485193126325
1.00573597493617
1
2.02293782842986
1.00573597493618
1
2.77068715062899
1.00573597493618
1
3.21509283870813
1.00573597493617
1
0.233784428026274
1.00573597493617
1
1.9165478978462
1.00573597493618
1
1.71415696350636
1.00573597493617
1
2.42717563971874
1.00573597493616
1
2.02009109312196
1.00573597493618
1
0.338181950904935
1.00573597493617
1
0.896702718894093
1.00573597493617
1
2.91710166923938
1.00573597493615
1
2.88724786886922
1.00573597493616
1
3.47773762719533
1.00573597493617
1
3.23082827940248
1.00573597493615
1
1.80923991136287
1.00573597493617
1
0.495430277568382
1.00573597493617
1
2.83657661679549
1.00573597493618
1
2.37946982623193
1.00573597493617
1
0.3622066334689
1.00573597493617
1
2.07556554822686
1.00573597493617
1
1.8051140450031
1.00573597493617
1
0.831774933124794
1.00573597493617
1
0.84258364089296
1.00573597493617
1
2.32851648781767
1.00573597493617
1
2.10399398537431
1.00573597493617
1
1.79933020667445
1.00573597493617
1
1.77033375330723
1.00573597493618
1
1.11785154422515
1.00573597493617
1
1.58430541655377
1.00573597493617
1
2.11129155278786
1.00573597493618
1
-0.472092346039462
1.00573597493617
1
2.18820290522366
1.00573597493617
1
1.17365979389815
1.00573597493617
1
1.25414228483274
1.00573597493618
1
1.93484598711864
1.00573597493617
1
2.70862846774164
1.00573597493618
1
1.17155244641824
1.00573597493617
1
2.54137756351478
1.00573597493617
1
2.81332666670227
1.00573597493617
1
2.09320182267333
1.00573597493617
1
0.944029657254845
1.00573597493618
1
0.79119873225801
1.00573597493617
1
1.68888902107237
1.00573597493617
1
2.59873848442563
1.00573597493617
1
1.75663284087852
1.00573597493618
1
1.6437102106311
1.00573597493617
1
1.29688419887737
1.00573597493618
1
2.37417385783302
1.00573597493618
1
2.27408363474502
1.00573597493618
1
1.56322439864939
1.00573597493617
1
1.96264310082614
1.00573597493617
1
0.981799308605264
1.00573597493618
1
2.64217292441343
1.00573597493617
1
1.34132270024596
1.00573597493617
1
1.93985506897885
1.00573597493617
1
1.60769275158106
1.00573597493617
1
1.51723166607497
1.00573597493617
1
0.805144124227477
1.00573597493617
1
-0.426948338565904
1.00573597493617
1
3.02483552498467
1.00573597493616
1
1.59650038630708
1.00573597493617
1
2.06929914259434
1.00573597493617
1
4.46847377670699
1.00573597493617
1
2.53298014188586
1.00573597493617
1
1.82988335946714
1.00573597493617
1
3.39903829969115
1.00573597493618
1
1.90906045222034
1.00573597493617
1
1.53371220694233
1.00573597493617
1
0.940062773621882
1.00573597493617
1
2.68841807509821
1.00573597493618
1
1.61527068056598
1.00573597493618
1
3.09672552133678
1.00573597493616
1
1.97107013033048
1.00573597493617
1
1.44876063607765
1.00573597493617
1
3.75317949890937
1.00573597493617
1
1.57331208928688
1.00573597493617
1
3.23677047022727
1.00573597493617
1
-0.301335852480885
1.00573597493617
1
2.61029711692088
1.00573597493616
1
0.927259936114087
1.00573597493617
1
-0.0554373936676321
1.00573597493617
1
1.65363375977993
1.00573597493617
1
1.78289706703153
1.00573597493617
1
2.32729333616464
1.00573597493617
1
2.47801339474551
1.00573597493617
1
0.287590464891734
1.00573597493617
1
3.69440777288993
1.00573597493616
1
2.62682343706501
1.00573597493618
1
2.66702587464259
1.00573597493618
1
0.274214791185649
1.00573597493617
1
2.30244707083748
1.00573597493617
1
2.91591174014608
1.00573597493618
1
1.69750283291017
1.00573597493618
1
1.98636899425445
1.00573597493617
1
3.47838328191438
1.00573597493616
1
1.74344784023636
1.00573597493617
1
2.07246581518557
1.00573597493617
1
1.91219957847329
1.00573597493617
1
0.291834635203092
1.00573597493617
1
1.34432117938497
1.00573597493618
1
0.0732317868505642
1.00573597493617
1
1.74202397557959
1.00573597493618
1
2.20352603401759
1.00573597493617
1
1.8169312606475
1.00573597493617
1
4.79014919239173
1.00573597493613
1
0.93937382591775
1.00573597493617
1
0.664929910123446
1.00573597493617
1
2.48758483137288
1.00573597493616
1
3.43965409327685
1.00573597493617
1
1.18340524842678
1.00573597493617
1
1.04732907793913
1.00573597493617
1
1.04670812888095
1.00573597493617
1
-0.280063988796351
1.00573597493617
1
2.04467074294905
1.00573597493617
1
0.741836301159067
1.00573597493617
1
3.04309688971737
1.00573597493619
1
1.58921395753768
1.00573597493617
1
2.88581968987211
1.00573597493618
1
1.59524874345106
1.00573597493617
1
2.27386406449331
1.00573597493616
1
1.07277030905725
1.00573597493617
1
2.09037288451696
1.00573597493617
1
2.20380915923096
1.00573597493617
1
0.845368490752932
1.00573597493617
1
1.8755904275393
1.00573597493618
1
2.26806748133482
1.00573597493618
1
2.23884927164091
1.00573597493618
1
1.57775335321997
1.00573597493617
1
2.24667293080192
1.00573597493618
1
1.03128294245261
1.00573597493617
1
4.58542463800446
1.00573597493618
1
0.323105054575091
1.00573597493617
1
0.529223619014444
1.00573597493617
1
1.19960631777663
1.00573597493617
1
1.8863407993898
1.00573597493618
1
3.19035726989517
1.00573597493617
1
0.466825154393041
1.00573597493617
1
1.87777087917244
1.00573597493617
1
2.98492013315644
1.00573597493618
1
1.07682622294993
1.00573597493617
1
0.854565407404843
1.00573597493617
1
0.477476167165653
1.00573597493617
1
1.75231607841523
1.00573597493617
1
1.05671570392204
1.00573597493617
1
1.06036849220657
1.00573597493617
1
1.84688826649257
1.00573597493617
1
2.09029357430379
1.00573597493617
1
1.18926964761742
1.00573597493617
1
3.45555728511458
1.00573597493615
1
1.71677902674602
1.00573597493617
1
2.47730694456024
1.00573597493618
1
2.75440718674901
1.00573597493618
1
2.94528432394542
1.00573597493618
1
0.527586161499946
1.00573597493617
1
0.60696425410693
1.00573597493617
1
3.15743468027181
1.00573597493616
1
0.550033757638654
1.00573597493617
1
1.31581300459864
1.00573597493617
1
2.76379599038484
1.00573597493618
1
2.65001388344188
1.00573597493617
1
1.06122275364675
1.00573597493617
1
1.70614353824202
1.00573597493617
1
1.04478925538551
1.00573597493617
1
3.74480831449991
1.00573597493618
1
1.68698173498059
1.00573597493618
1
1.93285528383188
1.00573597493617
1
1.69918199945167
1.00573597493618
1
1.30501223747068
1.00573597493617
1
2.19803491728281
1.00573597493617
1
2.12128392854301
1.00573597493618
1
3.33958962172326
1.00573597493618
1
0.581471099868578
1.00573597493617
1
3.32358452754317
1.00573597493618
1
1.6898535797336
1.00573597493617
1
2.41439679982565
1.00573597493617
1
1.59269250287348
1.00573597493617
1
1.71222874877166
1.00573597493617
1
2.06630168575212
1.00573597493617
1
1.14914544969798
1.00573597493618
1
0.454993843691016
1.00573597493617
1
1.8080949198497
1.00573597493617
1
1.91758524432193
1.00573597493617
1
1.27364154374269
1.00573597493617
1
2.42637193788809
1.00573597493617
1
1.43672008658052
1.00573597493617
1
3.59458072730977
1.00573597493617
1
2.51080261228177
1.00573597493618
1
2.07175558156679
1.00573597493618
1
2.36569311449493
1.00573597493618
1
3.39558142466712
1.00573597493617
1
1.31732476520606
1.00573597493617
1
1.05173363628065
1.00573597493617
1
1.64877109991724
1.00573597493618
1
1.9449778608957
1.00573597493617
1
0.723947400347404
1.00573597493617
1
3.46899143326367
1.00573597493619
1
3.42602916574582
1.00573597493619
1
1.11555716561855
1.00573597493618
1
1.74523702361154
1.00573597493618
1
1.76078939492786
1.00573597493617
1
-0.367208328758313
1.00573597493617
1
3.55845138399137
1.00573597493617
1
1.57261652643172
1.00573597493617
1
0.967381231573571
1.00573597493617
1
0.811379932562754
1.00573597493617
1
3.02630536839627
1.00573597493618
1
2.16441061604137
1.00573597493618
1
1.47328926106756
1.00573597493617
1
1.153165248497
1.00573597493618
1
1.22236157756372
1.00573597493617
1
0.380995504477968
1.00573597493617
1
1.9807303066747
1.00573597493617
1
-0.00667356937715898
1.00573597493617
1
2.9469056910342
1.00573597493617
1
1.88845913499686
1.00573597493617
1
0.923489235703927
1.00573597493617
1
1.36005178625195
1.00573597493617
1
2.5432825444625
1.00573597493618
1
1.20619294058036
1.00573597493618
1
-0.508140319525187
1.00573597493617
1
2.85787635974227
1.00573597493619
1
-0.128393476930022
1.00573597493617
1
0.304564305176963
1.00573597493617
1
0.232286808931824
1.00573597493617
1
3.08130301125533
1.00573597493616
1
2.53360883294566
1.00573597493619
1
4.6200399858389
1.00573597493621
1
2.36344463746649
1.00573597493619
1
0.708412738072613
1.00573597493617
1
1.05772321260561
1.00573597493617
1
2.47241078953921
1.00573597493617
1
1.42367968777583
1.00573597493617
1
1.83264430943457
1.00573597493617
1
1.45765703533426
1.00573597493617
1
0.326686715640047
1.00573597493617
1
3.1794304498046
1.00573597493618
1
1.10680647202322
1.00573597493617
1
0.965659511838611
1.00573597493617
1
2.70921951404761
1.00573597493617
1
1.85956507586414
1.00573597493618
1
1.88506085397253
1.00573597493618
1
1.29047246330209
1.00573597493617
1
1.80906272460262
1.00573597493617
1
2.92725929962724
1.00573597493616
1
1.95933086291647
1.00573597493618
1
1.40112367716488
1.00573597493618
1
0.444752165036539
1.00573597493617
1
1.27451592091414
1.00573597493617
1
3.55474676855905
1.00573597493618
1
1.60849014210614
1.00573597493617
1
0.813852615176878
1.00573597493617
1
2.20902123378876
1.00573597493617
1
1.54342015258965
1.00573597493617
1
1.33471078681916
1.00573597493617
1
1.35085510957693
1.00573597493617
1
0.595859370434698
1.00573597493617
1
0.833661499086839
1.00573597493617
1
2.31667317181832
1.00573597493617
1
2.61549747527793
1.00573597493617
1
0.0261810087621287
1.00573597493617
1
2.32890578794555
1.00573597493617
1
1.28425823035695
1.00573597493617
1
0.087646598865009
1.00573597493617
1
0.43630924937194
1.00573597493617
1
1.94576917963992
1.00573597493617
1
2.8436248527138
1.00573597493618
1
0.20168422509287
1.00573597493617
1
1.75871252649949
1.00573597493617
1
0.746730285293008
1.00573597493617
1
-0.0652864233169133
1.00573597493617
1
3.69476575985477
1.00573597493617
1
2.27121460549978
1.00573597493617
1
1.14981975558114
1.00573597493617
1
0.354067193770256
1.00573597493617
1
2.62945061271358
1.00573597493618
1
2.4240649937615
1.00573597493618
1
2.35928208827462
1.00573597493616
1
3.96338575168089
1.00573597493617
1
2.36176822156512
1.00573597493617
1
2.04497881929938
1.00573597493618
1
1.70590578893279
1.00573597493617
1
2.16514395541912
1.00573597493618
1
2.61368914432522
1.00573597493617
1
1.45590175919072
1.00573597493617
1
0.931257750522203
1.00573597493618
1
1.98571792269244
1.00573597493618
1
0.720411641001913
1.00573597493617
1
0.966241380779013
1.00573597493617
1
2.33272343813717
1.00573597493617
1
2.04755801326379
1.00573597493617
1
2.27576597863301
1.00573597493618
1
0.866181818313453
1.00573597493617
1
1.56103117586365
1.00573597493618
1
3.12927566296837
1.00573597493617
1
0.83191633505932
1.00573597493617
1
2.19227427884226
1.00573597493617
1
2.31858619039768
1.00573597493617
1
1.2735470818808
1.00573597493617
1
2.10210069206168
1.00573597493617
1
1.28573681914059
1.00573597493617
1
0.826560581817668
1.00573597493617
1
0.99252669354508
1.00573597493617
1
2.74306044836519
1.00573597493616
1
2.29881164347863
1.00573597493617
1
1.32970415597789
1.00573597493617
1
2.16618544318787
1.00573597493617
1
0.854806010847102
1.00573597493617
1
2.53075042641467
1.00573597493617
1
1.52949562892693
1.00573597493617
1
1.56776762781278
1.00573597493618
1
1.01899386762745
1.00573597493617
1
1.13444361390764
1.00573597493618
1
2.17131106780558
1.00573597493617
1
2.90442998353018
1.00573597493617
1
1.16195013652537
1.00573597493617
1
1.98730365400535
1.00573597493617
1
2.57819123423169
1.00573597493617
1
3.57244405482634
1.00573597493619
1
0.797395685951324
1.00573597493617
1
1.72775967930066
1.00573597493617
1
3.64150090578714
1.00573597493618
1
1.67309807720146
1.00573597493618
1
1.75679226431855
1.00573597493617
1
1.37435918940649
1.00573597493617
1
1.87193322688001
1.00573597493618
1
2.06075917830627
1.00573597493618
1
2.24038363055313
1.00573597493618
1
2.12141232405435
1.00573597493617
1
-0.091527085847297
1.00573597493617
1
3.53622958774356
1.00573597493616
1
2.14880531984873
1.00573597493617
1
3.39764239774089
1.00573597493617
1
1.82926302392017
1.00573597493617
1
1.5523133180692
1.00573597493617
1
4.1574466885126
1.00573597493618
1
2.30512791963225
1.00573597493618
1
1.39516591935782
1.00573597493617
1
2.01114886689374
1.00573597493617
1
1.16051131387669
1.00573597493617
1
2.54191461770788
1.00573597493617
1
-1.11169266216029
1.00573597493618
1
1.19652835931104
1.00573597493617
1
0.92946485914163
1.00573597493617
1
1.78084898715881
1.00573597493617
1
3.02778005508437
1.00573597493617
1
2.16155890123214
1.00573597493617
1
1.76618844646069
1.00573597493617
1
1.86752473283767
1.00573597493617
1
1.39926702335149
1.00573597493617
1
0.660512591277956
1.00573597493617
1
1.12368611364222
1.00573597493617
1
1.99255904546936
1.00573597493618
1
4.15967011783727
1.00573597493616
1
0.899784283740038
1.00573597493617
1
2.34162606845793
1.00573597493617
1
2.92031451489214
1.00573597493616
1
1.91516839743276
1.00573597493617
1
0.329816429529966
1.00573597493617
1
2.14525324283065
1.00573597493617
1
3.32169212113329
1.00573597493617
1
2.77948343462349
1.00573597493619
1
0.562370970680922
1.00573597493617
1
1.57757333570476
1.00573597493618
1
0.904113835376051
1.00573597493617
1
1.50989662308012
1.00573597493618
1
1.49624180264322
1.00573597493617
1
2.86273069293065
1.00573597493617
1
2.1454508501573
1.00573597493617
1
3.42644937912001
1.00573597493619
1
2.84659106433736
1.00573597493617
1
3.62881811001905
1.00573597493615
1
1.21782352824236
1.00573597493618
1
5.03041374796712
1.00573597493622
1
0.178151353209084
1.00573597493617
1
2.59060627490388
1.00573597493618
1
2.18112625392261
1.00573597493618
1
3.62059340125818
1.00573597493618
1
1.47622490866669
1.00573597493618
1
3.1802142377191
1.00573597493617
1
0.455694632378065
1.00573597493617
1
3.17674604197669
1.00573597493619
1
2.67944635510309
1.00573597493617
1
3.50442095487562
1.00573597493618
1
0.954368178718981
1.00573597493617
1
-0.570440651704883
1.00573597493617
1
1.94735792056662
1.00573597493618
1
2.28899621115829
1.00573597493618
1
2.82137583724342
1.00573597493616
1
3.54538231976856
1.00573597493617
1
2.45303279314971
1.00573597493616
1
3.02762660851077
1.00573597493618
1
1.96613042228733
1.00573597493618
1
2.12417370072742
1.00573597493618
1
2.05561388305549
1.00573597493617
1
0.704960540663473
1.00573597493617
1
1.45706851527886
1.00573597493617
1
3.42013859481688
1.00573597493617
1
1.21011718678749
1.00573597493617
1
2.02863550911362
1.00573597493616
1
1.35489964673246
1.00573597493618
1
2.79420395373903
1.00573597493619
1
0.712640611094566
1.00573597493617
1
1.73674971147496
1.00573597493618
1
2.81023999885164
1.00573597493616
1
2.88385244897946
1.00573597493618
1
2.88539957479553
1.00573597493617
1
3.09817447507974
1.00573597493617
1
0.406740855659731
1.00573597493617
1
1.76186378669519
1.00573597493617
1
1.6217351516673
1.00573597493618
1
0.613801284844148
1.00573597493617
1
1.98161946991988
1.00573597493617
1
1.79125790203537
1.00573597493618
1
1.90174966438057
1.00573597493617
1
0.979917884526566
1.00573597493617
1
0.399813005992338
1.00573597493617
1
1.54870127194202
1.00573597493617
1
1.4798642450776
1.00573597493617
1
3.0269848720945
1.00573597493616
1
0.0393778557317039
1.00573597493617
1
3.31074628589757
1.00573597493617
1
1.57255266563086
1.00573597493617
1
2.68032305022516
1.00573597493617
1
2.17648924152525
1.00573597493617
1
0.632013781871619
1.00573597493617
1
2.33572958025979
1.00573597493619
1
1.79362747039955
1.00573597493617
1
2.00767236677469
1.00573597493617
1
3.22398950250381
1.00573597493618
1
1.90358872962231
1.00573597493617
1
1.98612485889285
1.00573597493617
1
0.816647540492548
1.00573597493617
1
1.72211712092975
1.00573597493618
1
2.65219224344056
1.00573597493617
1
2.41979952532735
1.00573597493618
1
0.980592047039215
1.00573597493617
1
2.51387945959807
1.00573597493618
1
2.58822680240837
1.00573597493618
1
0.833877114110594
1.00573597493617
1
-0.231259321745896
1.00573597493617
1
-0.837675157092966
1.00573597493617
1
2.48135804325928
1.00573597493617
1
0.73175806598504
1.00573597493617
1
1.5425163083754
1.00573597493618
1
2.12861485344277
1.00573597493618
1
1.67701106273005
1.00573597493617
1
3.32473859066634
1.00573597493618
1
2.22969399061393
1.00573597493618
1
1.01881833457688
1.00573597493617
1
1.83302436797894
1.00573597493617
1
1.14888792308982
1.00573597493618
1
2.0099377718693
1.00573597493617
1
1.84732334384799
1.00573597493617
1
2.59906339592401
1.00573597493616
1
2.56053939858374
1.00573597493616
1
0.466087618693546
1.00573597493617
1
1.93571865952822
1.00573597493618
1
1.57303079348599
1.00573597493617
1
2.20890558561088
1.00573597493618
1
2.58648535729962
1.00573597493619
1
0.739187429775496
1.00573597493617
1
2.86903607019788
1.00573597493617
1
4.17382575219863
1.00573597493618
1
3.12849613977424
1.00573597493618
1
2.75577040063158
1.00573597493617
1
1.19164753330781
1.00573597493617
1
2.64360718114523
1.00573597493617
1
2.05600895747396
1.00573597493617
1
2.67975338910092
1.00573597493617
1
-0.944849848839054
1.00573597493617
1
1.77488375301127
1.00573597493617
1
0.94593103718558
1.00573597493617
1
1.2290042259123
1.00573597493617
1
1.18997556172575
1.00573597493617
1
-0.712635979299868
1.00573597493617
1
1.24825548801127
1.00573597493618
1
2.32267972280648
1.00573597493618
1
2.25926202075914
1.00573597493617
1
3.05673589038762
1.00573597493617
1
0.503854025837751
1.00573597493617
1
1.29221194444216
1.00573597493618
1
2.35434196081033
1.00573597493617
1
2.16116365727419
1.00573597493617
1
0.50699945045338
1.00573597493617
1
0.136156114290557
1.00573597493617
1
2.3357734136735
1.00573597493617
1
2.51290659979796
1.00573597493617
1
1.89576652047914
1.00573597493617
1
0.405232890136257
1.00573597493617
1
1.15638772938996
1.00573597493617
1
0.241582548928758
1.00573597493617
1
2.39368114971927
1.00573597493617
1
2.13984081556371
1.00573597493617
1
2.01419159070619
1.00573597493617
1
1.02893409858735
1.00573597493617
1
3.5242782827997
1.00573597493619
1
3.09059913973202
1.00573597493617
1
3.11293341672149
1.00573597493619
1
2.90822217901247
1.00573597493619
1
-0.105667917397701
1.00573597493617
1
1.73259265801945
1.00573597493617
1
2.23203565003929
1.00573597493618
1
2.58014531265118
1.00573597493618
1
2.23965097330313
1.00573597493617
1
3.04571063576689
1.00573597493618
1
1.52821577187881
1.00573597493617
1
-0.288302465775397
1.00573597493617
1
0.375418995396703
1.00573597493617
1
2.96902140003564
1.00573597493616
1
3.69773172097828
1.00573597493618
1
-0.20660175785215
1.00573597493617
1
1.91292815811716
1.00573597493617
1
2.63890685363101
1.00573597493616
1
1.92622272157811
1.00573597493617
1
1.52768601560664
1.00573597493617
1
1.98825052990464
1.00573597493617
1
2.30227395878079
1.00573597493617
1
2.76166268653661
1.00573597493618
1
2.37117930312475
1.00573597493616
1
1.40637845773792
1.00573597493617
1
1.51465246923922
1.00573597493617
1
1.8506365408293
1.00573597493617
1
3.28577837059964
1.00573597493617
1
1.1920674115943
1.00573597493617
1
2.0910792336595
1.00573597493617
1
1.33649593638913
1.00573597493617
1
0.430593933963232
1.00573597493617
1
1.80385898565856
1.00573597493617
1
1.37657482601872
1.00573597493617
1
1.44176067909502
1.00573597493617
1
2.50057245265613
1.00573597493618
1
0.994908116298591
1.00573597493617
1
2.43079741163232
1.00573597493617
1
0.407800931836125
1.00573597493617
1
2.21800524622322
1.00573597493617
1
2.11878424470433
1.00573597493617
1
2.91609887505423
1.00573597493617
1
1.75592280532571
1.00573597493617
1
0.362931569283532
1.00573597493617
1
2.84143988723784
1.00573597493618
1
1.62670899303856
1.00573597493617
1
1.85584344223648
1.00573597493618
1
2.16248132522759
1.00573597493617
1
2.66504745633967
1.00573597493618
1
1.79627287620658
1.00573597493618
1
2.4119040737082
1.00573597493617
1
2.74374741870825
1.00573597493617
1
1.41148100400809
1.00573597493617
1
2.87493541452263
1.00573597493617
1
2.36984196689232
1.00573597493618
1
1.16144179271583
1.00573597493617
1
3.53166883185352
1.00573597493616
1
2.33479030470412
1.00573597493617
1
1.26247718631943
1.00573597493617
1
1.58338913793189
1.00573597493617
1
1.61239991814193
1.00573597493617
1
1.93112660521005
1.00573597493618
1
2.29219346684623
1.00573597493616
1
2.57161042891457
1.00573597493616
1
3.52828376462191
1.00573597493615
1
3.07111468337991
1.00573597493617
1
0.979372335529142
1.00573597493617
1
1.83915386254256
1.00573597493618
1
2.31737207728152
1.00573597493617
1
1.41357911829941
1.00573597493617
1
1.45604348150703
1.00573597493618
1
1.77231684533345
1.00573597493618
1
3.86026597573734
1.00573597493618
1
2.23809851787828
1.00573597493617
1
1.92675157144025
1.00573597493617
1
3.21336042748713
1.00573597493617
1
2.35470365291404
1.00573597493617
1
0.689039836955858
1.00573597493617
1
1.0799704360557
1.00573597493617
1
2.51317272543127
1.00573597493617
1
3.18994964789675
1.00573597493617
1
1.71202161109786
1.00573597493617
1
2.02862940092636
1.00573597493618
1
1.26054194114928
1.00573597493617
1
