0.278146678926451
0.278626000261115
0.112876884768687
0.280653912199828
0.262444947499604
0.196711315271035
0.26038823910307
0.109277399213062
0.201344552604557
0.263539865447079
0.150685697080206
0.108294107712728
0.222244031835348
0.256481435449491
0.223451226572309
0.262542520070162
0.280555641649438
0.184671746864825
0.256401473044386
0.124019311948791
0.228226111804885
0.215642812221009
0.243562654130497
0.200190113837332
0.201986806745982
0.274896356322627
0.240899912107853
0.194484863440978
0.263655941440421
0.10036493352715
0.229138833813634
0.26548654266156
0.242914157631607
0.210730352289843
0.254739775621639
0.278011197519082
0.0890942508499138
0.276556746589935
0.260368618008163
0.193711461501381
0.279784101221172
0.0666553958867921
0.238646678252925
0.20133498934223
0.279508940846812
0.168465255797657
0.171535640266022
0.229714187021615
0.0701380771061534
0.195977219410304
0.280987529901904
0.263028133180701
0.27593225968891
0.262750570941649
0.158867353595084
0.198504396429826
0.281112354285118
0.0995472247989931
0.19150365908389
0.223765019029625
0.22336004125484
0.277298548132438
0.255576598212835
0.256060193196729
0.279571426921221
0.181301440228115
0.21034865429401
0.280328434633515
0.27075738256876
0.209318726584834
0.277746786989031
0.0518624230695435
0.131703850626639
0.271342762318985
0.277422172311958
0.277939540664209
0.272864970206742
0.216826111307778
0.242761417944859
0.181475126435793
0.260390731189867
0.276447585465064
0.258615099105743
0.125750047936574
0.0108690385058272
0.099947251106721
0.160842601556979
0.280787475612132
0.265367516393459
0.272978961876715
0.28055612692053
0.242202183230631
0.138836124899246
0.250547147381579
0.280102317150382
0.280523426610145
0.0515478378359896
0.258183376437598
0.278056291833013
0.20732538796193
